2
0,3,0,0,0,0
1,0,0,0,0,0
2,2,0,0,0,0
3,0,0,0,0,0
4,0,1,1,1,0
5,0,0,0,0,0
6,0,3,3,3,0
7,0,0,0,0,0
8,0,2,2,2,0
9,0,0,0,0,0
10,0,0,0,0,0
11,0,0,0,0,0
12,0,0,0,0,0
13,0,0,0,0,0
14,0,0,0,0,0
15,0,0,0,0,0
16,1,0,0,0,0
17,0,0,0,0,0
18,0,0,0,0,1
19,0,0,0,0,0
20,0,0,0,0,0
21,0,0,0,0,0
22,0,0,0,0,0
23,0,0,0,0,0
184,7,17,11,3,17,0,16,15,21,29,15,5,0,2,22,6,6,3,20,29,21,8,29,7,8,22,11,29,5,9,14,9,23,18,12,29,29,4,12,13,19,14,16,4,13,18,20,29,11,29,29,5,19,2,20,18,1,11,10,16,21,29,29,8,15,22,3,23,1,18,29,13,16,19,3,22,10,9,23,9,4,17,15,2,17,7,0,21,8,14,12,5,8,29,4,9,14,10,2,9,29,14,0,6,23,23,29,0,8,6,16,22,22,1,16,10,20,5,15,21,12,17,29,11,15,20,2,12,19,4,3,18,29,1,7,29,18,13,13,16,4,5,5,16,29,3,9,29,23,13,6,29,10,8,23,0,7,10,12,14,20,7,6,0,17,19,3,21,15,12,29,29,14,15,9,19,29,18,18,2,22,8,1,22
8
2
0,0,0,0
0,qwe,2,11,15,10,10,1,1,0,6,12,14,3,17,21,13,20,4,2
1,wer,3,18,16,2,20,19,23,7,6,4,13,19,11,5,7,1,21,11,17
0,4
